21.883165 -19.113949 12.993971 -7.067158 4.365772 -4.956891 6.664304 -7.240987 6.031986 -3.725981 1.741728 -0.506653 0.082060 
22.002445 -19.688148 14.302130 -8.485900 4.709069 -3.651188 4.322204 -4.994402 4.697687 -3.405255 1.922994 -0.748053 0.168003 
30.161262 -26.552673 18.386073 -10.467598 6.640519 -6.872914 8.401124 -8.537195 6.695452 -3.899073 1.681929 -0.443850 0.061742 
15.325724 -13.258146 8.651537 -3.994431 1.562966 -1.717112 3.285304 -4.462022 4.398525 -3.193091 1.797720 -0.701276 0.169013 
15.844422 -12.956510 6.658757 -0.694507 -1.537845 -0.155435 3.504123 -5.771964 5.841042 -4.121287 2.186736 -0.747118 0.153593 
11.395268 -9.409431 5.190051 -1.113180 -1.084116 0.631134 1.748766 -4.123343 5.137450 -4.491799 3.089643 -1.559702 0.424516 
19.888737 -15.368300 5.305786 3.572539 -6.068193 2.092079 4.121325 -8.080892 8.204704 -5.628265 2.752058 -0.880437 0.128924 
32.836629 -25.109195 7.609060 8.095860 -12.798574 6.267761 4.663115 -12.203355 13.246138 -9.535680 4.911205 -1.685475 0.329636 
36.282481 -29.610965 14.394976 -0.508371 -4.266525 -0.351673 8.525055 -13.714583 13.390022 -9.214124 4.595712 -1.530296 0.273443 
48.606613 -45.846187 39.110654 -30.882956 23.690655 -18.347835 14.294149 -10.618192 7.070610 -3.903692 1.738358 -0.518306 0.096144 
30.930338 -28.338393 22.186310 -15.126161 9.824155 -7.038287 5.956822 -5.204806 4.093377 -2.584488 1.307370 -0.436250 0.092029 
25.120439 -23.563189 19.940613 -15.488753 11.434558 -8.312074 5.835972 -3.718801 1.983644 -0.710134 0.123897 0.068385 -0.032718 
72.310987 -69.744569 63.185032 -54.173875 44.546074 -35.197096 26.409261 -18.347299 11.427300 -6.062711 2.653639 -0.820174 0.165982 
76.161171 -73.554013 66.815808 -57.472087 47.261742 -37.275196 27.842724 -19.219613 11.871966 -6.213580 2.647339 -0.795997 0.138503 
98.455574 -91.479140 73.438330 -50.515426 29.561023 -14.571306 6.143055 -2.405906 1.119907 -0.606611 0.345444 -0.118940 0.028894 
100.201634 -94.586553 79.834798 -60.451985 41.500266 -26.274803 15.710129 -9.011996 4.929554 -2.403701 0.981688 -0.264615 0.030885 
