1.000000 -1.890964 2.633383 -2.369678 1.337058 -0.333481 -0.026837 -0.288483 0.972998 -0.977830 0.860996 -0.351480 0.082060 
1.000000 -1.912467 2.554032 -2.485063 1.712668 -0.671680 0.100773 -0.035100 0.467839 -0.601627 0.677757 -0.426753 0.168003 
1.000000 -2.098064 3.093654 -2.948346 1.818004 -0.567759 0.045033 -0.316827 0.985774 -1.000176 0.831477 -0.314311 0.061742 
1.000000 -1.771400 2.197256 -1.897615 1.056648 -0.127397 -0.188050 0.002644 0.605445 -0.723738 0.714454 -0.401886 0.169013 
1.000000 -1.731592 2.240475 -1.717039 0.594242 0.358418 -0.539461 0.019726 0.875670 -1.031592 1.009445 -0.481158 0.153593 
1.000000 -1.588268 1.520912 -1.188915 0.489624 0.398340 -0.445784 0.031721 0.722623 -0.992319 1.037649 -0.885456 0.424516 
1.000000 -1.856848 2.171650 -1.462811 -0.001233 1.059352 -0.815960 -0.146059 1.387276 -1.667519 1.281757 -0.641045 0.128924 
1.000000 -2.055569 2.784168 -2.040796 0.301634 1.335633 -1.568611 0.344016 1.409067 -2.106722 1.921666 -1.007885 0.329636 
1.000000 -2.241117 3.237238 -2.956075 1.437479 0.302268 -0.994282 0.373805 1.056352 -1.728152 1.654336 -0.917478 0.273443 
1.000000 -2.068383 3.203158 -3.542369 3.042523 -2.163372 1.471701 -1.151085 1.220471 -0.947930 0.769662 -0.319444 0.096144 
1.000000 -2.002630 2.952011 -3.013767 2.275481 -1.262060 0.576927 -0.326026 0.556005 -0.499704 0.531136 -0.251950 0.092029 
1.000000 -1.801828 2.414200 -2.546493 2.011229 -1.397055 1.044410 -0.793630 0.785801 -0.420035 0.219881 0.009433 -0.032718 
1.000000 -2.051530 3.170994 -3.603126 3.472431 -3.107447 2.723633 -2.427180 2.218597 -1.598193 1.143280 -0.479658 0.165982 
1.000000 -2.025959 3.065358 -3.674671 3.588335 -3.236432 2.882845 -2.507151 2.349229 -1.736945 1.178606 -0.515396 0.138503 
1.000000 -2.424418 4.270325 -5.270069 5.080504 -3.782279 2.159723 -0.831165 0.286531 0.005434 0.103530 -0.048889 0.028894 
1.000000 -2.411460 4.052069 -5.027951 4.967142 -3.995314 2.705288 -1.533577 0.957853 -0.518124 0.398032 -0.190138 0.030885 
