8.942500 -6.787041 3.288495 0.367083 -2.002501 0.672166 1.297272 -3.552589 4.041688 -3.139302 1.894479 -0.632895 0.221708 
11.236994 -8.664008 3.587422 0.784902 -2.019632 -0.199267 3.188994 -5.260168 4.982541 -2.923938 0.953773 0.154402 -0.194691 
7.763757 -5.864443 2.644482 -0.016458 -0.608030 -1.171192 2.852315 -3.719508 2.977125 -1.135590 -0.076571 0.566327 -0.316542 
9.941709 -8.035132 4.916854 -2.158986 1.112951 -2.591772 4.034840 -4.806429 4.001639 -2.059284 0.672402 0.185709 -0.239602 
10.532746 -7.852558 2.659829 1.659371 -2.599845 -0.040193 3.178107 -5.036619 4.389728 -2.159266 0.392993 0.398043 -0.249032 
10.610665 -7.858345 2.844212 1.426054 -2.306838 -0.215142 3.250441 -5.022100 4.387500 -2.109350 0.400803 0.405227 -0.213353 
3.038203 -1.831541 0.759652 -0.144420 -0.359203 -0.329803 0.759753 -1.186040 1.160617 -0.369934 -0.008886 0.193021 -0.152513 
3.444278 -1.939056 0.363967 0.565816 -1.184912 0.286495 0.528102 -1.280187 1.508012 -0.678040 0.015615 0.275387 -0.179847 
6.198481 -4.245441 1.004304 1.743559 -2.573288 0.860347 1.081429 -2.685060 2.734136 -1.391107 0.257551 0.414567 -0.281122 
8.256856 -5.873245 1.392804 2.469164 -3.565548 1.346371 1.498705 -3.555191 3.549524 -1.929581 0.505981 0.293944 -0.241503 
7.221784 -4.885412 0.887015 2.389770 -3.058805 0.651126 1.811135 -3.405996 2.946869 -1.078461 -0.223054 0.755804 -0.384978 
11.030793 -7.609628 0.901585 3.770394 -3.546175 -0.466512 4.268156 -5.386624 3.221145 0.000169 -1.567029 1.337249 -0.435851 
8.741542 -5.899527 0.660257 3.631628 -4.445150 1.408152 1.923762 -3.962400 3.473698 -1.340394 -0.163979 0.721180 -0.369908 
6.656738 -4.134581 -0.080442 3.509382 -4.149976 1.446295 1.247716 -3.019511 2.605340 -0.727821 -0.480375 0.920375 -0.442866 
4.069677 -2.083315 0.163140 1.588012 -2.556933 0.767142 0.350123 -1.509719 1.710267 -0.559885 -0.014300 0.464912 -0.317921 
5.526986 -3.536756 0.389091 2.131854 -2.610669 0.571919 1.326365 -2.595619 2.172083 -0.604494 -0.405017 0.803940 -0.389524 
