1.000000 -1.199036 1.370124 -0.774615 -0.126551 0.253575 -0.634174 -0.188681 0.907953 -1.085043 1.150595 -0.367059 0.221708 
1.000000 -1.608076 1.457932 -0.841815 -0.252443 0.364643 -0.227338 -0.427058 1.314545 -1.276629 0.982457 -0.158675 -0.194691 
1.000000 -1.378484 1.105705 -0.647273 -0.223512 0.090368 0.129271 -0.619898 1.304164 -0.860289 0.452605 0.129978 -0.316542 
1.000000 -1.417450 1.232905 -1.037699 0.103498 -0.033450 0.164512 -0.669190 1.446256 -1.055577 0.749642 -0.153915 -0.239602 
1.000000 -1.556182 1.318564 -0.714744 -0.367881 0.446831 -0.230783 -0.534789 1.460655 -1.203109 0.737704 0.010504 -0.249032 
1.087757 -1.554746 1.347994 -0.696753 -0.275251 0.453649 -0.172674 -0.471074 1.525782 -1.116647 0.743299 0.092189 -0.196140 
1.000000 -0.947438 0.255689 -0.371323 -0.155723 0.087183 0.175323 -0.296709 0.787827 -0.366889 0.076083 0.048524 -0.152513 
1.000000 -0.959369 0.092322 -0.203342 -0.323932 0.298350 0.102709 -0.262907 0.884366 -0.598536 0.130887 0.102848 -0.179847 
1.000000 -1.212095 0.777946 -0.257959 -0.582606 0.384657 -0.214032 -0.360248 1.136779 -0.835340 0.565726 0.073820 -0.281122 
1.000000 -1.344160 1.006349 -0.413110 -0.595143 0.609110 -0.357076 -0.368587 1.273371 -1.047103 0.707785 -0.030675 -0.241503 
1.000000 -1.273267 0.885216 -0.289514 -0.662032 0.416220 -0.132536 -0.547811 1.290004 -0.844513 0.455944 0.265624 -0.384978 
1.000000 -1.702383 1.235640 -0.293661 -0.651293 0.407138 0.173830 -0.974237 1.617207 -0.889075 -0.015108 0.595263 -0.435851 
1.000000 -1.372713 0.971366 -0.259851 -0.848226 0.659433 -0.249066 -0.536669 1.404695 -0.973542 0.488277 0.213402 -0.369908 
1.000000 -1.099099 0.559771 0.075586 -0.968832 0.546701 -0.139208 -0.603539 1.271814 -0.668762 0.244121 0.433621 -0.442866 
1.000000 -0.712926 0.252244 -0.059138 -0.865483 0.300712 -0.061572 -0.323699 1.054153 -0.470710 0.235755 0.238258 -0.317921 
1.000000 -1.140126 0.626756 -0.105610 -0.692656 0.320846 -0.018273 -0.556121 1.114910 -0.586840 0.249375 0.359834 -0.389524 
