1.000000 0.060025 0.806245 -0.090047 0.689067 0.079731 0.738493 0.007524 0.583472 0.189110 0.396289 0.245855 0.132299 
1.000000 0.068785 0.948296 -0.220253 0.722306 -0.145958 0.768892 -0.076797 0.544968 0.143097 0.555174 0.230538 0.275948 
1.000000 0.171918 0.663035 0.033247 0.534344 0.053401 0.545309 0.038780 0.439138 0.290243 0.460943 0.046182 0.137085 
1.000000 0.064894 0.628517 -0.121908 0.517209 -0.001189 0.558752 0.119615 0.437128 0.209844 0.398858 0.177332 0.122863 
1.000000 -0.102171 0.614025 -0.118301 0.262750 0.052032 0.507073 0.227744 0.395067 0.025313 0.549321 -0.069754 0.372089 
1.000000 -0.127026 0.635995 -0.231526 0.497512 -0.174347 0.615042 -0.067475 0.420460 0.000102 0.637658 -0.023392 0.298784 
1.000000 -0.229098 0.595328 -0.239943 0.347752 -0.064758 0.618972 0.112572 0.282735 0.091803 0.344579 0.046493 0.202581 
1.000000 -0.037859 0.501134 -0.241847 0.348363 -0.262857 0.597254 0.001487 0.410399 0.158483 0.242972 -0.139959 0.070037 
1.000000 -0.132495 0.731109 -0.194517 0.511537 -0.188681 0.708617 -0.173522 0.568796 0.057397 0.397344 0.162977 0.100716 
1.055857 -0.042317 0.773061 -0.158705 0.560436 -0.163085 0.801533 -0.126846 0.594197 0.100519 0.467597 0.203210 0.118900 
1.000000 -0.190149 0.721635 -0.331491 0.500783 -0.139867 0.621004 -0.072753 0.420444 0.069579 0.365085 0.092989 0.197066 
1.000000 -0.295272 0.573008 -0.248482 0.599059 -0.220909 0.466168 -0.050700 0.503148 0.081022 0.393250 -0.042064 0.110145 
1.000000 -0.225181 0.785908 -0.504289 0.741972 -0.439902 0.877126 -0.261741 0.629136 -0.062709 0.426192 -0.083578 0.203032 
1.000000 -0.487715 0.872713 -0.583310 0.647969 -0.390969 0.644863 -0.160210 0.409916 0.155206 0.255964 0.041896 0.075968 
1.085625 -0.429295 0.910071 -0.561141 0.669868 -0.338746 0.688205 -0.086079 0.416961 0.239939 0.323952 0.055562 0.161808 
1.000000 -0.567181 1.074901 -1.087356 1.290643 -0.937500 1.063819 -0.626100 0.743635 -0.138978 0.281043 0.025821 0.027199 
