3.299537 0.412777 2.621148 0.311910 2.077410 0.422049 1.582711 0.339291 0.983354 0.399204 0.517712 0.253797 0.132299 
3.847612 -0.203462 3.113612 -0.380831 2.390614 -0.107532 1.828415 0.100350 1.229823 0.339125 0.832712 0.249519 0.275948 
2.567995 0.710407 1.848000 0.459035 1.469870 0.397667 1.176312 0.354040 0.869444 0.404666 0.559775 0.069749 0.137085 
2.448871 0.351795 1.764592 0.172397 1.377355 0.278801 1.090408 0.322820 0.743363 0.332205 0.487588 0.185305 0.122863 
2.383983 -0.063483 1.552115 0.027013 1.056627 0.177932 1.052771 0.138971 0.835795 -0.117661 0.784919 -0.107770 0.372089 
2.808187 -0.755887 2.057163 -0.707648 1.655002 -0.538405 1.396085 -0.332184 0.980059 -0.164950 0.830655 -0.061345 0.298784 
2.235701 -0.469838 1.437660 -0.358488 1.072240 -0.146192 0.981684 0.022822 0.526133 -0.008068 0.454529 0.000083 0.202581 
2.135297 -0.449604 1.296008 -0.589888 0.932220 -0.476122 0.927795 -0.060557 0.584407 0.062208 0.283368 -0.142610 0.070037 
2.940840 -0.786333 2.231276 -0.663957 1.679067 -0.467673 1.380168 -0.219846 0.871510 0.104314 0.449384 0.149632 0.100716 
3.375916 -0.462275 2.569371 -0.458606 1.974690 -0.270601 1.619289 -0.061083 1.018999 0.224570 0.577032 0.209529 0.125541 
2.690469 -0.858326 2.001528 -0.759288 1.503262 -0.422634 1.207382 -0.204508 0.738534 0.001937 0.489613 0.055517 0.197066 
2.533091 -0.988711 1.803210 -0.803714 1.468392 -0.576159 1.045532 -0.300085 0.780995 -0.086566 0.468784 -0.074587 0.110145 
4.134151 -2.397908 3.398516 -2.162247 2.680185 -1.520846 1.993205 -0.818944 1.170996 -0.326750 0.604577 -0.129297 0.203032 
3.619143 -2.357567 2.801582 -1.792725 1.889304 -1.069062 1.188670 -0.376541 0.582389 0.022619 0.301828 0.004846 0.075968 
3.916132 -2.093720 2.985893 -1.590894 2.030926 -0.900206 1.338451 -0.253463 0.721690 0.081181 0.475094 -0.009144 0.175663 
8.380525 -7.222434 7.149473 -5.797469 5.039766 -3.454878 2.736837 -1.495030 1.131582 -0.300200 0.295635 0.010394 0.027199 
