48.092079 46.238047 42.429438 37.018521 31.876425 26.296719 21.010632 15.444876 10.593876 6.291600 3.245650 1.211384 0.317972 
40.098129 38.446027 35.365853 30.855420 26.778619 22.184116 17.948510 13.354727 9.427348 5.789822 3.141129 1.225922 0.343494 
42.555291 40.635639 36.567581 31.165908 25.995720 20.402523 15.163387 10.350109 6.900558 4.257501 2.392699 0.979123 0.271945 
30.131268 28.490978 25.381425 21.336816 18.139365 14.871818 11.949950 8.673176 5.878183 3.395419 1.742022 0.644677 0.180091 
31.840333 30.452396 28.039756 24.901292 22.138156 18.494273 14.726866 10.891624 8.054475 5.505173 3.347218 1.440549 0.406493 
26.656906 25.358110 23.378622 20.371862 17.970350 14.947289 12.229342 9.141264 6.711850 4.332922 2.527347 1.036877 0.312589 
21.397108 20.179599 18.637182 16.257207 14.664284 12.328282 10.256713 7.747830 5.930977 4.011248 2.474173 1.044012 0.324374 
17.179423 15.904562 14.752604 12.653292 11.687123 9.751591 8.216491 5.993070 4.665892 3.170971 2.126762 0.952043 0.349577 
32.869020 30.585195 25.908701 19.581507 14.279936 9.585184 6.477774 4.037217 2.705857 1.604490 0.928853 0.344881 0.108095 
21.554194 19.461532 15.031053 10.035565 6.475759 3.811075 2.045709 0.724164 0.289870 0.221635 0.320282 0.200359 0.081942 
14.618285 13.521082 12.190825 10.164460 8.894577 7.030708 5.421547 3.525781 2.487656 1.644760 1.172366 0.560631 0.235300 
11.625811 10.509079 9.347526 8.051471 7.827190 6.810551 5.641523 3.996259 3.241214 2.511396 1.900180 0.925259 0.352500 
12.700995 10.306735 5.427481 0.915853 -0.633987 0.198530 2.436687 4.386873 5.334675 4.607156 2.996424 1.262198 0.336246 
7.833801 6.107485 3.001304 0.081786 -0.988742 -0.991631 -0.061867 1.169168 2.401732 2.573081 1.998003 0.915220 0.302830 
5.781069 4.815559 3.297877 2.151184 1.981060 1.885251 1.809446 1.511907 1.361732 1.068529 0.789580 0.394399 0.149856 
4.146497 3.088548 1.725794 0.857073 1.113026 1.298615 1.568498 1.464107 1.214406 0.590691 0.305541 0.099313 0.080320 
