1.000000 1.862478 2.710255 2.521699 2.501857 2.170439 2.414604 2.125928 2.071409 1.519557 1.230677 0.619169 0.317972 
1.000000 1.774936 2.519762 2.246058 2.274646 1.931524 2.202605 1.893891 1.856104 1.367884 1.181816 0.616242 0.343494 
1.000000 1.966740 2.829814 2.608197 2.517910 2.184583 2.326618 1.755996 1.329309 0.817182 0.749366 0.444278 0.271945 
1.000000 1.865925 2.581638 2.154588 1.975340 1.506009 1.702298 1.407651 1.363738 0.902227 0.701190 0.308642 0.180091 
1.000000 1.643764 2.121823 1.756199 1.917593 1.900753 2.185756 1.683369 1.441589 1.155091 1.215118 0.772370 0.406493 
1.000000 1.562062 2.122617 1.719899 1.790423 1.537301 1.853349 1.484868 1.418724 1.058002 1.006903 0.548593 0.312589 
1.000000 1.446917 1.887859 1.395495 1.514984 1.337706 1.705793 1.311829 1.270325 0.982931 1.030301 0.574669 0.324374 
1.000000 1.364890 1.760896 1.198214 1.341675 1.141927 1.603498 1.120503 1.100973 0.737944 0.862996 0.474909 0.349577 
1.000000 1.991474 2.993858 2.718514 2.438319 1.589513 1.407890 0.738105 0.590050 0.231327 0.347111 0.129612 0.108095 
1.000000 1.998486 2.774634 2.222214 1.568350 0.824298 0.753755 0.381212 0.228062 -0.101537 0.019781 0.036598 0.081942 
1.000000 1.360666 1.785109 1.306694 1.382359 1.149899 1.415540 0.907012 0.640826 0.329568 0.425136 0.240467 0.235300 
1.000000 1.272094 1.435074 0.823919 0.955026 0.976879 1.365361 0.888328 0.701185 0.534598 0.787723 0.476846 0.352500 
1.000000 1.766514 2.049950 0.997612 0.089352 -0.388247 -0.099717 0.196642 0.718050 0.911529 1.126726 0.668214 0.336246 
1.000000 1.537969 1.685074 0.634200 -0.002188 -0.238864 -0.150535 -0.183733 0.162045 0.398739 0.796431 0.449477 0.302830 
1.000000 1.429337 1.245435 0.509268 0.334929 0.278972 0.474461 0.323846 0.397811 0.274127 0.345372 0.180204 0.149856 
1.000000 1.186742 0.839755 0.035918 0.102065 0.252516 0.465525 0.411159 0.645154 0.307524 0.233353 0.003993 0.080320 
